while wait(0.2) do
game.Players.LocalPlayer.Character.HumanoidRootPart.CFrame = CFrame.new(276623.094, -4328891.5, 92484.4297, -0.959442019, -0.259528071, -0.110073961, -8.52091997e-09, 0.390463144, -0.920618594, 0.281906188, -0.883280158, -0.374626726)
  break
end

while wait(0.2) do
game.Players.LocalPlayer.Character.HumanoidRootPart.CFrame = CFrame.new(432.248413, 8999053, -353.212433, 0.718698561, 0, -0.695321798, -0, 1, -0, 0.695321798, 0, 0.718698561)
  break
end

while wait(0.2) do
game.Players.LocalPlayer.Character.HumanoidRootPart.CFrame = CFrame.new(276623.094, -4328891.5, 92484.4297, -0.959442019, -0.259528071, -0.110073961, -8.52091997e-09, 0.390463144, -0.920618594, 0.281906188, -0.883280158, -0.374626726)
  break
end

while wait(0.2) do
game.Players.LocalPlayer.Character.HumanoidRootPart.CFrame = CFrame.new(432.248413, 8999053, -353.212433, 0.718698561, 0, -0.695321798, -0, 1, -0, 0.695321798, 0, 0.718698561)
  break
end

while wait(0.2) do
game.Players.LocalPlayer.Character.HumanoidRootPart.CFrame = CFrame.new(276623.094, -4328891.5, 92484.4297, -0.959442019, -0.259528071, -0.110073961, -8.52091997e-09, 0.390463144, -0.920618594, 0.281906188, -0.883280158, -0.374626726)
  break
end

while wait(0.2) do
game.Players.LocalPlayer.Character.HumanoidRootPart.CFrame = CFrame.new(432.248413, 8999053, -353.212433, 0.718698561, 0, -0.695321798, -0, 1, -0, 0.695321798, 0, 0.718698561)
  break
end

while wait(0.2) do
game.Players.LocalPlayer.Character.HumanoidRootPart.CFrame = CFrame.new(276623.094, -4328891.5, 92484.4297, -0.959442019, -0.259528071, -0.110073961, -8.52091997e-09, 0.390463144, -0.920618594, 0.281906188, -0.883280158, -0.374626726)
  break
end

while wait(0.2) do
game.Players.LocalPlayer.Character.HumanoidRootPart.CFrame = CFrame.new(432.248413, 8999053, -353.212433, 0.718698561, 0, -0.695321798, -0, 1, -0, 0.695321798, 0, 0.718698561)
  break
end

while wait(0.2) do
game.Players.LocalPlayer.Character.HumanoidRootPart.CFrame = CFrame.new(276623.094, -4328891.5, 92484.4297, -0.959442019, -0.259528071, -0.110073961, -8.52091997e-09, 0.390463144, -0.920618594, 0.281906188, -0.883280158, -0.374626726)
  break
end

while wait(0.2) do
game.Players.LocalPlayer.Character.HumanoidRootPart.CFrame = CFrame.new(432.248413, 8999053, -353.212433, 0.718698561, 0, -0.695321798, -0, 1, -0, 0.695321798, 0, 0.718698561)
  break
end

while wait(0.2) do
game.Players.LocalPlayer.Character.HumanoidRootPart.CFrame = CFrame.new(276623.094, -4328891.5, 92484.4297, -0.959442019, -0.259528071, -0.110073961, -8.52091997e-09, 0.390463144, -0.920618594, 0.281906188, -0.883280158, -0.374626726)
  break
end

while wait(0.2) do
game.Players.LocalPlayer.Character.HumanoidRootPart.CFrame = CFrame.new(432.248413, 8999053, -353.212433, 0.718698561, 0, -0.695321798, -0, 1, -0, 0.695321798, 0, 0.718698561)
  break
end

while wait(0.2) do
game.Players.LocalPlayer.Character.HumanoidRootPart.CFrame = CFrame.new(276623.094, -4328891.5, 92484.4297, -0.959442019, -0.259528071, -0.110073961, -8.52091997e-09, 0.390463144, -0.920618594, 0.281906188, -0.883280158, -0.374626726)
  break
end

while wait(0.2) do
game.Players.LocalPlayer.Character.HumanoidRootPart.CFrame = CFrame.new(432.248413, 8999053, -353.212433, 0.718698561, 0, -0.695321798, -0, 1, -0, 0.695321798, 0, 0.718698561)
  break
end

while wait(0.2) do
game.Players.LocalPlayer.Character.HumanoidRootPart.CFrame = CFrame.new(276623.094, -4328891.5, 92484.4297, -0.959442019, -0.259528071, -0.110073961, -8.52091997e-09, 0.390463144, -0.920618594, 0.281906188, -0.883280158, -0.374626726)
  break
end

while wait(0.2) do
game.Players.LocalPlayer.Character.HumanoidRootPart.CFrame = CFrame.new(432.248413, 8999053, -353.212433, 0.718698561, 0, -0.695321798, -0, 1, -0, 0.695321798, 0, 0.718698561)
  break
end

while wait(0.2) do
game.Players.LocalPlayer.Character.HumanoidRootPart.CFrame = CFrame.new(276623.094, -4328891.5, 92484.4297, -0.959442019, -0.259528071, -0.110073961, -8.52091997e-09, 0.390463144, -0.920618594, 0.281906188, -0.883280158, -0.374626726)
  break
end

while wait(0.2) do
game.Players.LocalPlayer.Character.HumanoidRootPart.CFrame = CFrame.new(432.248413, 8999053, -353.212433, 0.718698561, 0, -0.695321798, -0, 1, -0, 0.695321798, 0, 0.718698561)
        break
end

while wait(0.2) do
game.Players.LocalPlayer.Character.HumanoidRootPart.CFrame = CFrame.new(276623.094, -4328891.5, 92484.4297, -0.959442019, -0.259528071, -0.110073961, -8.52091997e-09, 0.390463144, -0.920618594, 0.281906188, -0.883280158, -0.374626726)
  break
end

while wait(0.2) do
game.Players.LocalPlayer.Character.HumanoidRootPart.CFrame = CFrame.new(432.248413, 8999053, -353.212433, 0.718698561, 0, -0.695321798, -0, 1, -0, 0.695321798, 0, 0.718698561)
        break
end

while wait(0.2) do
game.Players.LocalPlayer.Character.HumanoidRootPart.CFrame = CFrame.new(276623.094, -4328891.5, 92484.4297, -0.959442019, -0.259528071, -0.110073961, -8.52091997e-09, 0.390463144, -0.920618594, 0.281906188, -0.883280158, -0.374626726)
  break
end

while wait(0.2) do
game.Players.LocalPlayer.Character.HumanoidRootPart.CFrame = CFrame.new(432.248413, 8999053, -353.212433, 0.718698561, 0, -0.695321798, -0, 1, -0, 0.695321798, 0, 0.718698561)
        break
end

while wait(0.2) do
game.Players.LocalPlayer.Character.HumanoidRootPart.CFrame = CFrame.new(276623.094, -4328891.5, 92484.4297, -0.959442019, -0.259528071, -0.110073961, -8.52091997e-09, 0.390463144, -0.920618594, 0.281906188, -0.883280158, -0.374626726)
  break
end

while wait(0.2) do
game.Players.LocalPlayer.Character.HumanoidRootPart.CFrame = CFrame.new(432.248413, 8999053, -353.212433, 0.718698561, 0, -0.695321798, -0, 1, -0, 0.695321798, 0, 0.718698561)
        break
end

while wait(0.2) do
game.Players.LocalPlayer.Character.HumanoidRootPart.CFrame = CFrame.new(276623.094, -4328891.5, 92484.4297, -0.959442019, -0.259528071, -0.110073961, -8.52091997e-09, 0.390463144, -0.920618594, 0.281906188, -0.883280158, -0.374626726)
  break
end

while wait(0.2) do
game.Players.LocalPlayer.Character.HumanoidRootPart.CFrame = CFrame.new(432.248413, 8999053, -353.212433, 0.718698561, 0, -0.695321798, -0, 1, -0, 0.695321798, 0, 0.718698561)
        break
end

while wait(0.2) do
game.Players.LocalPlayer.Character.HumanoidRootPart.CFrame = CFrame.new(276623.094, -4328891.5, 92484.4297, -0.959442019, -0.259528071, -0.110073961, -8.52091997e-09, 0.390463144, -0.920618594, 0.281906188, -0.883280158, -0.374626726)
  break
end

while wait(0.2) do
game.Players.LocalPlayer.Character.HumanoidRootPart.CFrame = CFrame.new(432.248413, 8999053, -353.212433, 0.718698561, 0, -0.695321798, -0, 1, -0, 0.695321798, 0, 0.718698561)
        break
end
